{
 "cells": [
  {
   "cell_type": "code",
   "execution_count": 1,
   "metadata": {},
   "outputs": [],
   "source": [
    "import pandas as pd\n",
    "import numpy as np"
   ]
  },
  {
   "cell_type": "code",
   "execution_count": 2,
   "metadata": {},
   "outputs": [
    {
     "name": "stderr",
     "output_type": "stream",
     "text": [
      "/Users/AZ/opt/anaconda3/envs/myenv/lib/python3.8/site-packages/IPython/core/interactiveshell.py:3145: DtypeWarning: Columns (33) have mixed types.Specify dtype option on import or set low_memory=False.\n",
      "  has_raised = await self.run_ast_nodes(code_ast.body, cell_name,\n"
     ]
    }
   ],
   "source": [
    "df1 = pd.read_csv(\"Data-Collisions-2.csv\")"
   ]
  },
  {
   "cell_type": "code",
   "execution_count": 3,
   "metadata": {
    "scrolled": false
   },
   "outputs": [
    {
     "data": {
      "text/html": [
       "<div>\n",
       "<style scoped>\n",
       "    .dataframe tbody tr th:only-of-type {\n",
       "        vertical-align: middle;\n",
       "    }\n",
       "\n",
       "    .dataframe tbody tr th {\n",
       "        vertical-align: top;\n",
       "    }\n",
       "\n",
       "    .dataframe thead th {\n",
       "        text-align: right;\n",
       "    }\n",
       "</style>\n",
       "<table border=\"1\" class=\"dataframe\">\n",
       "  <thead>\n",
       "    <tr style=\"text-align: right;\">\n",
       "      <th></th>\n",
       "      <th>SEVERITYCODE</th>\n",
       "      <th>X</th>\n",
       "      <th>Y</th>\n",
       "      <th>OBJECTID</th>\n",
       "      <th>INCKEY</th>\n",
       "      <th>COLDETKEY</th>\n",
       "      <th>INTKEY</th>\n",
       "      <th>SEVERITYCODE.1</th>\n",
       "      <th>PERSONCOUNT</th>\n",
       "      <th>PEDCOUNT</th>\n",
       "      <th>PEDCYLCOUNT</th>\n",
       "      <th>VEHCOUNT</th>\n",
       "      <th>SDOT_COLCODE</th>\n",
       "      <th>SDOTCOLNUM</th>\n",
       "      <th>SEGLANEKEY</th>\n",
       "      <th>CROSSWALKKEY</th>\n",
       "    </tr>\n",
       "  </thead>\n",
       "  <tbody>\n",
       "    <tr>\n",
       "      <th>SEVERITYCODE</th>\n",
       "      <td>1.000000</td>\n",
       "      <td>0.010309</td>\n",
       "      <td>0.017737</td>\n",
       "      <td>0.020131</td>\n",
       "      <td>0.022065</td>\n",
       "      <td>0.022079</td>\n",
       "      <td>0.006553</td>\n",
       "      <td>1.000000</td>\n",
       "      <td>0.130949</td>\n",
       "      <td>0.246338</td>\n",
       "      <td>0.214218</td>\n",
       "      <td>-0.054686</td>\n",
       "      <td>0.188905</td>\n",
       "      <td>0.004226</td>\n",
       "      <td>0.104276</td>\n",
       "      <td>0.175093</td>\n",
       "    </tr>\n",
       "    <tr>\n",
       "      <th>X</th>\n",
       "      <td>0.010309</td>\n",
       "      <td>1.000000</td>\n",
       "      <td>-0.160262</td>\n",
       "      <td>0.009956</td>\n",
       "      <td>0.010309</td>\n",
       "      <td>0.010300</td>\n",
       "      <td>0.120754</td>\n",
       "      <td>0.010309</td>\n",
       "      <td>0.012887</td>\n",
       "      <td>0.011304</td>\n",
       "      <td>-0.001752</td>\n",
       "      <td>-0.012168</td>\n",
       "      <td>0.010904</td>\n",
       "      <td>-0.001016</td>\n",
       "      <td>-0.001618</td>\n",
       "      <td>0.013586</td>\n",
       "    </tr>\n",
       "    <tr>\n",
       "      <th>Y</th>\n",
       "      <td>0.017737</td>\n",
       "      <td>-0.160262</td>\n",
       "      <td>1.000000</td>\n",
       "      <td>-0.023848</td>\n",
       "      <td>-0.027396</td>\n",
       "      <td>-0.027415</td>\n",
       "      <td>-0.114935</td>\n",
       "      <td>0.017737</td>\n",
       "      <td>-0.013850</td>\n",
       "      <td>0.010178</td>\n",
       "      <td>0.026304</td>\n",
       "      <td>0.017058</td>\n",
       "      <td>-0.019694</td>\n",
       "      <td>-0.006958</td>\n",
       "      <td>0.004618</td>\n",
       "      <td>0.009508</td>\n",
       "    </tr>\n",
       "    <tr>\n",
       "      <th>OBJECTID</th>\n",
       "      <td>0.020131</td>\n",
       "      <td>0.009956</td>\n",
       "      <td>-0.023848</td>\n",
       "      <td>1.000000</td>\n",
       "      <td>0.946383</td>\n",
       "      <td>0.945837</td>\n",
       "      <td>0.046929</td>\n",
       "      <td>0.020131</td>\n",
       "      <td>-0.062333</td>\n",
       "      <td>0.024604</td>\n",
       "      <td>0.034432</td>\n",
       "      <td>-0.094280</td>\n",
       "      <td>-0.037094</td>\n",
       "      <td>0.969276</td>\n",
       "      <td>0.028076</td>\n",
       "      <td>0.056046</td>\n",
       "    </tr>\n",
       "    <tr>\n",
       "      <th>INCKEY</th>\n",
       "      <td>0.022065</td>\n",
       "      <td>0.010309</td>\n",
       "      <td>-0.027396</td>\n",
       "      <td>0.946383</td>\n",
       "      <td>1.000000</td>\n",
       "      <td>0.999996</td>\n",
       "      <td>0.048524</td>\n",
       "      <td>0.022065</td>\n",
       "      <td>-0.061500</td>\n",
       "      <td>0.024918</td>\n",
       "      <td>0.031342</td>\n",
       "      <td>-0.107528</td>\n",
       "      <td>-0.027617</td>\n",
       "      <td>0.990571</td>\n",
       "      <td>0.019701</td>\n",
       "      <td>0.048179</td>\n",
       "    </tr>\n",
       "    <tr>\n",
       "      <th>COLDETKEY</th>\n",
       "      <td>0.022079</td>\n",
       "      <td>0.010300</td>\n",
       "      <td>-0.027415</td>\n",
       "      <td>0.945837</td>\n",
       "      <td>0.999996</td>\n",
       "      <td>1.000000</td>\n",
       "      <td>0.048499</td>\n",
       "      <td>0.022079</td>\n",
       "      <td>-0.061403</td>\n",
       "      <td>0.024914</td>\n",
       "      <td>0.031296</td>\n",
       "      <td>-0.107598</td>\n",
       "      <td>-0.027461</td>\n",
       "      <td>0.990571</td>\n",
       "      <td>0.019586</td>\n",
       "      <td>0.048063</td>\n",
       "    </tr>\n",
       "    <tr>\n",
       "      <th>INTKEY</th>\n",
       "      <td>0.006553</td>\n",
       "      <td>0.120754</td>\n",
       "      <td>-0.114935</td>\n",
       "      <td>0.046929</td>\n",
       "      <td>0.048524</td>\n",
       "      <td>0.048499</td>\n",
       "      <td>1.000000</td>\n",
       "      <td>0.006553</td>\n",
       "      <td>0.001886</td>\n",
       "      <td>-0.004784</td>\n",
       "      <td>0.000531</td>\n",
       "      <td>-0.012929</td>\n",
       "      <td>0.007114</td>\n",
       "      <td>0.032604</td>\n",
       "      <td>-0.010510</td>\n",
       "      <td>0.018420</td>\n",
       "    </tr>\n",
       "    <tr>\n",
       "      <th>SEVERITYCODE.1</th>\n",
       "      <td>1.000000</td>\n",
       "      <td>0.010309</td>\n",
       "      <td>0.017737</td>\n",
       "      <td>0.020131</td>\n",
       "      <td>0.022065</td>\n",
       "      <td>0.022079</td>\n",
       "      <td>0.006553</td>\n",
       "      <td>1.000000</td>\n",
       "      <td>0.130949</td>\n",
       "      <td>0.246338</td>\n",
       "      <td>0.214218</td>\n",
       "      <td>-0.054686</td>\n",
       "      <td>0.188905</td>\n",
       "      <td>0.004226</td>\n",
       "      <td>0.104276</td>\n",
       "      <td>0.175093</td>\n",
       "    </tr>\n",
       "    <tr>\n",
       "      <th>PERSONCOUNT</th>\n",
       "      <td>0.130949</td>\n",
       "      <td>0.012887</td>\n",
       "      <td>-0.013850</td>\n",
       "      <td>-0.062333</td>\n",
       "      <td>-0.061500</td>\n",
       "      <td>-0.061403</td>\n",
       "      <td>0.001886</td>\n",
       "      <td>0.130949</td>\n",
       "      <td>1.000000</td>\n",
       "      <td>-0.023464</td>\n",
       "      <td>-0.038809</td>\n",
       "      <td>0.380523</td>\n",
       "      <td>-0.128960</td>\n",
       "      <td>0.011784</td>\n",
       "      <td>-0.021383</td>\n",
       "      <td>-0.032258</td>\n",
       "    </tr>\n",
       "    <tr>\n",
       "      <th>PEDCOUNT</th>\n",
       "      <td>0.246338</td>\n",
       "      <td>0.011304</td>\n",
       "      <td>0.010178</td>\n",
       "      <td>0.024604</td>\n",
       "      <td>0.024918</td>\n",
       "      <td>0.024914</td>\n",
       "      <td>-0.004784</td>\n",
       "      <td>0.246338</td>\n",
       "      <td>-0.023464</td>\n",
       "      <td>1.000000</td>\n",
       "      <td>-0.016920</td>\n",
       "      <td>-0.261285</td>\n",
       "      <td>0.260393</td>\n",
       "      <td>0.021461</td>\n",
       "      <td>0.001810</td>\n",
       "      <td>0.565326</td>\n",
       "    </tr>\n",
       "    <tr>\n",
       "      <th>PEDCYLCOUNT</th>\n",
       "      <td>0.214218</td>\n",
       "      <td>-0.001752</td>\n",
       "      <td>0.026304</td>\n",
       "      <td>0.034432</td>\n",
       "      <td>0.031342</td>\n",
       "      <td>0.031296</td>\n",
       "      <td>0.000531</td>\n",
       "      <td>0.214218</td>\n",
       "      <td>-0.038809</td>\n",
       "      <td>-0.016920</td>\n",
       "      <td>1.000000</td>\n",
       "      <td>-0.253773</td>\n",
       "      <td>0.382521</td>\n",
       "      <td>0.034593</td>\n",
       "      <td>0.453657</td>\n",
       "      <td>0.109820</td>\n",
       "    </tr>\n",
       "    <tr>\n",
       "      <th>VEHCOUNT</th>\n",
       "      <td>-0.054686</td>\n",
       "      <td>-0.012168</td>\n",
       "      <td>0.017058</td>\n",
       "      <td>-0.094280</td>\n",
       "      <td>-0.107528</td>\n",
       "      <td>-0.107598</td>\n",
       "      <td>-0.012929</td>\n",
       "      <td>-0.054686</td>\n",
       "      <td>0.380523</td>\n",
       "      <td>-0.261285</td>\n",
       "      <td>-0.253773</td>\n",
       "      <td>1.000000</td>\n",
       "      <td>-0.365814</td>\n",
       "      <td>-0.023813</td>\n",
       "      <td>-0.122941</td>\n",
       "      <td>-0.200526</td>\n",
       "    </tr>\n",
       "    <tr>\n",
       "      <th>SDOT_COLCODE</th>\n",
       "      <td>0.188905</td>\n",
       "      <td>0.010904</td>\n",
       "      <td>-0.019694</td>\n",
       "      <td>-0.037094</td>\n",
       "      <td>-0.027617</td>\n",
       "      <td>-0.027461</td>\n",
       "      <td>0.007114</td>\n",
       "      <td>0.188905</td>\n",
       "      <td>-0.128960</td>\n",
       "      <td>0.260393</td>\n",
       "      <td>0.382521</td>\n",
       "      <td>-0.365814</td>\n",
       "      <td>1.000000</td>\n",
       "      <td>-0.041084</td>\n",
       "      <td>0.206835</td>\n",
       "      <td>0.189518</td>\n",
       "    </tr>\n",
       "    <tr>\n",
       "      <th>SDOTCOLNUM</th>\n",
       "      <td>0.004226</td>\n",
       "      <td>-0.001016</td>\n",
       "      <td>-0.006958</td>\n",
       "      <td>0.969276</td>\n",
       "      <td>0.990571</td>\n",
       "      <td>0.990571</td>\n",
       "      <td>0.032604</td>\n",
       "      <td>0.004226</td>\n",
       "      <td>0.011784</td>\n",
       "      <td>0.021461</td>\n",
       "      <td>0.034593</td>\n",
       "      <td>-0.023813</td>\n",
       "      <td>-0.041084</td>\n",
       "      <td>1.000000</td>\n",
       "      <td>0.066449</td>\n",
       "      <td>0.086228</td>\n",
       "    </tr>\n",
       "    <tr>\n",
       "      <th>SEGLANEKEY</th>\n",
       "      <td>0.104276</td>\n",
       "      <td>-0.001618</td>\n",
       "      <td>0.004618</td>\n",
       "      <td>0.028076</td>\n",
       "      <td>0.019701</td>\n",
       "      <td>0.019586</td>\n",
       "      <td>-0.010510</td>\n",
       "      <td>0.104276</td>\n",
       "      <td>-0.021383</td>\n",
       "      <td>0.001810</td>\n",
       "      <td>0.453657</td>\n",
       "      <td>-0.122941</td>\n",
       "      <td>0.206835</td>\n",
       "      <td>0.066449</td>\n",
       "      <td>1.000000</td>\n",
       "      <td>-0.003422</td>\n",
       "    </tr>\n",
       "    <tr>\n",
       "      <th>CROSSWALKKEY</th>\n",
       "      <td>0.175093</td>\n",
       "      <td>0.013586</td>\n",
       "      <td>0.009508</td>\n",
       "      <td>0.056046</td>\n",
       "      <td>0.048179</td>\n",
       "      <td>0.048063</td>\n",
       "      <td>0.018420</td>\n",
       "      <td>0.175093</td>\n",
       "      <td>-0.032258</td>\n",
       "      <td>0.565326</td>\n",
       "      <td>0.109820</td>\n",
       "      <td>-0.200526</td>\n",
       "      <td>0.189518</td>\n",
       "      <td>0.086228</td>\n",
       "      <td>-0.003422</td>\n",
       "      <td>1.000000</td>\n",
       "    </tr>\n",
       "  </tbody>\n",
       "</table>\n",
       "</div>"
      ],
      "text/plain": [
       "                SEVERITYCODE         X         Y  OBJECTID    INCKEY  \\\n",
       "SEVERITYCODE        1.000000  0.010309  0.017737  0.020131  0.022065   \n",
       "X                   0.010309  1.000000 -0.160262  0.009956  0.010309   \n",
       "Y                   0.017737 -0.160262  1.000000 -0.023848 -0.027396   \n",
       "OBJECTID            0.020131  0.009956 -0.023848  1.000000  0.946383   \n",
       "INCKEY              0.022065  0.010309 -0.027396  0.946383  1.000000   \n",
       "COLDETKEY           0.022079  0.010300 -0.027415  0.945837  0.999996   \n",
       "INTKEY              0.006553  0.120754 -0.114935  0.046929  0.048524   \n",
       "SEVERITYCODE.1      1.000000  0.010309  0.017737  0.020131  0.022065   \n",
       "PERSONCOUNT         0.130949  0.012887 -0.013850 -0.062333 -0.061500   \n",
       "PEDCOUNT            0.246338  0.011304  0.010178  0.024604  0.024918   \n",
       "PEDCYLCOUNT         0.214218 -0.001752  0.026304  0.034432  0.031342   \n",
       "VEHCOUNT           -0.054686 -0.012168  0.017058 -0.094280 -0.107528   \n",
       "SDOT_COLCODE        0.188905  0.010904 -0.019694 -0.037094 -0.027617   \n",
       "SDOTCOLNUM          0.004226 -0.001016 -0.006958  0.969276  0.990571   \n",
       "SEGLANEKEY          0.104276 -0.001618  0.004618  0.028076  0.019701   \n",
       "CROSSWALKKEY        0.175093  0.013586  0.009508  0.056046  0.048179   \n",
       "\n",
       "                COLDETKEY    INTKEY  SEVERITYCODE.1  PERSONCOUNT  PEDCOUNT  \\\n",
       "SEVERITYCODE     0.022079  0.006553        1.000000     0.130949  0.246338   \n",
       "X                0.010300  0.120754        0.010309     0.012887  0.011304   \n",
       "Y               -0.027415 -0.114935        0.017737    -0.013850  0.010178   \n",
       "OBJECTID         0.945837  0.046929        0.020131    -0.062333  0.024604   \n",
       "INCKEY           0.999996  0.048524        0.022065    -0.061500  0.024918   \n",
       "COLDETKEY        1.000000  0.048499        0.022079    -0.061403  0.024914   \n",
       "INTKEY           0.048499  1.000000        0.006553     0.001886 -0.004784   \n",
       "SEVERITYCODE.1   0.022079  0.006553        1.000000     0.130949  0.246338   \n",
       "PERSONCOUNT     -0.061403  0.001886        0.130949     1.000000 -0.023464   \n",
       "PEDCOUNT         0.024914 -0.004784        0.246338    -0.023464  1.000000   \n",
       "PEDCYLCOUNT      0.031296  0.000531        0.214218    -0.038809 -0.016920   \n",
       "VEHCOUNT        -0.107598 -0.012929       -0.054686     0.380523 -0.261285   \n",
       "SDOT_COLCODE    -0.027461  0.007114        0.188905    -0.128960  0.260393   \n",
       "SDOTCOLNUM       0.990571  0.032604        0.004226     0.011784  0.021461   \n",
       "SEGLANEKEY       0.019586 -0.010510        0.104276    -0.021383  0.001810   \n",
       "CROSSWALKKEY     0.048063  0.018420        0.175093    -0.032258  0.565326   \n",
       "\n",
       "                PEDCYLCOUNT  VEHCOUNT  SDOT_COLCODE  SDOTCOLNUM  SEGLANEKEY  \\\n",
       "SEVERITYCODE       0.214218 -0.054686      0.188905    0.004226    0.104276   \n",
       "X                 -0.001752 -0.012168      0.010904   -0.001016   -0.001618   \n",
       "Y                  0.026304  0.017058     -0.019694   -0.006958    0.004618   \n",
       "OBJECTID           0.034432 -0.094280     -0.037094    0.969276    0.028076   \n",
       "INCKEY             0.031342 -0.107528     -0.027617    0.990571    0.019701   \n",
       "COLDETKEY          0.031296 -0.107598     -0.027461    0.990571    0.019586   \n",
       "INTKEY             0.000531 -0.012929      0.007114    0.032604   -0.010510   \n",
       "SEVERITYCODE.1     0.214218 -0.054686      0.188905    0.004226    0.104276   \n",
       "PERSONCOUNT       -0.038809  0.380523     -0.128960    0.011784   -0.021383   \n",
       "PEDCOUNT          -0.016920 -0.261285      0.260393    0.021461    0.001810   \n",
       "PEDCYLCOUNT        1.000000 -0.253773      0.382521    0.034593    0.453657   \n",
       "VEHCOUNT          -0.253773  1.000000     -0.365814   -0.023813   -0.122941   \n",
       "SDOT_COLCODE       0.382521 -0.365814      1.000000   -0.041084    0.206835   \n",
       "SDOTCOLNUM         0.034593 -0.023813     -0.041084    1.000000    0.066449   \n",
       "SEGLANEKEY         0.453657 -0.122941      0.206835    0.066449    1.000000   \n",
       "CROSSWALKKEY       0.109820 -0.200526      0.189518    0.086228   -0.003422   \n",
       "\n",
       "                CROSSWALKKEY  \n",
       "SEVERITYCODE        0.175093  \n",
       "X                   0.013586  \n",
       "Y                   0.009508  \n",
       "OBJECTID            0.056046  \n",
       "INCKEY              0.048179  \n",
       "COLDETKEY           0.048063  \n",
       "INTKEY              0.018420  \n",
       "SEVERITYCODE.1      0.175093  \n",
       "PERSONCOUNT        -0.032258  \n",
       "PEDCOUNT            0.565326  \n",
       "PEDCYLCOUNT         0.109820  \n",
       "VEHCOUNT           -0.200526  \n",
       "SDOT_COLCODE        0.189518  \n",
       "SDOTCOLNUM          0.086228  \n",
       "SEGLANEKEY         -0.003422  \n",
       "CROSSWALKKEY        1.000000  "
      ]
     },
     "execution_count": 3,
     "metadata": {},
     "output_type": "execute_result"
    }
   ],
   "source": [
    "df1.corr()"
   ]
  },
  {
   "cell_type": "code",
   "execution_count": 4,
   "metadata": {},
   "outputs": [],
   "source": [
    "df1.drop(df1.columns.difference(['SEVERITYCODE','X','Y', 'WEATHER','ROADCOND','LIGHTCOND','PEDCOUNT','PEDCYLCOUNT']), 1, inplace=True)"
   ]
  },
  {
   "cell_type": "code",
   "execution_count": 120,
   "metadata": {},
   "outputs": [
    {
     "data": {
      "text/plain": [
       "Clear                       111135\n",
       "Raining                      33145\n",
       "Overcast                     27714\n",
       "Unknown                      15091\n",
       "Snowing                        907\n",
       "Other                          832\n",
       "Fog/Smog/Smoke                 569\n",
       "Sleet/Hail/Freezing Rain       113\n",
       "Blowing Sand/Dirt               56\n",
       "Severe Crosswind                25\n",
       "Partly Cloudy                    5\n",
       "Name: WEATHER, dtype: int64"
      ]
     },
     "execution_count": 120,
     "metadata": {},
     "output_type": "execute_result"
    }
   ],
   "source": [
    "df1['WEATHER'].value_counts()"
   ]
  },
  {
   "cell_type": "code",
   "execution_count": 121,
   "metadata": {},
   "outputs": [
    {
     "data": {
      "text/plain": [
       "Daylight                    116137\n",
       "Dark - Street Lights On      48507\n",
       "Unknown                      13473\n",
       "Dusk                          5902\n",
       "Dawn                          2502\n",
       "Dark - No Street Lights       1537\n",
       "Dark - Street Lights Off      1199\n",
       "Other                          235\n",
       "Dark - Unknown Lighting         11\n",
       "Name: LIGHTCOND, dtype: int64"
      ]
     },
     "execution_count": 121,
     "metadata": {},
     "output_type": "execute_result"
    }
   ],
   "source": [
    "df1['LIGHTCOND'].value_counts()"
   ]
  },
  {
   "cell_type": "code",
   "execution_count": 122,
   "metadata": {},
   "outputs": [
    {
     "data": {
      "text/plain": [
       "Dry               124510\n",
       "Wet                47474\n",
       "Unknown            15078\n",
       "Ice                 1209\n",
       "Snow/Slush          1004\n",
       "Other                132\n",
       "Standing Water       115\n",
       "Sand/Mud/Dirt         75\n",
       "Oil                   64\n",
       "Name: ROADCOND, dtype: int64"
      ]
     },
     "execution_count": 122,
     "metadata": {},
     "output_type": "execute_result"
    }
   ],
   "source": [
    "df1['ROADCOND'].value_counts()"
   ]
  },
  {
   "cell_type": "code",
   "execution_count": 5,
   "metadata": {},
   "outputs": [],
   "source": [
    "df = pd.read_csv(\"zipinfacc.csv\")"
   ]
  },
  {
   "cell_type": "code",
   "execution_count": 6,
   "metadata": {},
   "outputs": [],
   "source": [
    "df1.columns = ['SEVERITYCODE','lon','lat','PEDCOUNT','PEDCYLCOUNT','WEATHER','ROADCOND','LIGHTCOND']"
   ]
  },
  {
   "cell_type": "code",
   "execution_count": 7,
   "metadata": {},
   "outputs": [],
   "source": [
    "df_merged = df.merge(df1, how='outer', left_index=True, right_index=True)"
   ]
  },
  {
   "cell_type": "code",
   "execution_count": 8,
   "metadata": {},
   "outputs": [],
   "source": [
    "df_merged.drop(df_merged.columns[[0,1,4,5]], axis=1, inplace=True)"
   ]
  },
  {
   "cell_type": "code",
   "execution_count": 9,
   "metadata": {},
   "outputs": [],
   "source": [
    "df_merged20000 = df_merged.copy()"
   ]
  },
  {
   "cell_type": "code",
   "execution_count": 10,
   "metadata": {},
   "outputs": [],
   "source": [
    "df_merged20000=df_merged20000.apply(pd.to_numeric, errors='ignore')"
   ]
  },
  {
   "cell_type": "code",
   "execution_count": 11,
   "metadata": {},
   "outputs": [],
   "source": [
    "df_merged20000 = df_merged20000.dropna()"
   ]
  },
  {
   "cell_type": "code",
   "execution_count": 12,
   "metadata": {
    "scrolled": true
   },
   "outputs": [
    {
     "data": {
      "text/html": [
       "<div>\n",
       "<style scoped>\n",
       "    .dataframe tbody tr th:only-of-type {\n",
       "        vertical-align: middle;\n",
       "    }\n",
       "\n",
       "    .dataframe tbody tr th {\n",
       "        vertical-align: top;\n",
       "    }\n",
       "\n",
       "    .dataframe thead th {\n",
       "        text-align: right;\n",
       "    }\n",
       "</style>\n",
       "<table border=\"1\" class=\"dataframe\">\n",
       "  <thead>\n",
       "    <tr style=\"text-align: right;\">\n",
       "      <th></th>\n",
       "      <th>zipcode</th>\n",
       "      <th>SEVERITYCODE</th>\n",
       "      <th>PEDCOUNT</th>\n",
       "      <th>PEDCYLCOUNT</th>\n",
       "      <th>WEATHER</th>\n",
       "      <th>ROADCOND</th>\n",
       "      <th>LIGHTCOND</th>\n",
       "    </tr>\n",
       "  </thead>\n",
       "  <tbody>\n",
       "    <tr>\n",
       "      <th>0</th>\n",
       "      <td>17</td>\n",
       "      <td>2</td>\n",
       "      <td>0</td>\n",
       "      <td>0</td>\n",
       "      <td>4</td>\n",
       "      <td>8</td>\n",
       "      <td>5</td>\n",
       "    </tr>\n",
       "    <tr>\n",
       "      <th>1</th>\n",
       "      <td>1</td>\n",
       "      <td>1</td>\n",
       "      <td>0</td>\n",
       "      <td>0</td>\n",
       "      <td>6</td>\n",
       "      <td>8</td>\n",
       "      <td>2</td>\n",
       "    </tr>\n",
       "    <tr>\n",
       "      <th>2</th>\n",
       "      <td>0</td>\n",
       "      <td>1</td>\n",
       "      <td>0</td>\n",
       "      <td>0</td>\n",
       "      <td>4</td>\n",
       "      <td>0</td>\n",
       "      <td>5</td>\n",
       "    </tr>\n",
       "    <tr>\n",
       "      <th>3</th>\n",
       "      <td>3</td>\n",
       "      <td>1</td>\n",
       "      <td>0</td>\n",
       "      <td>0</td>\n",
       "      <td>1</td>\n",
       "      <td>0</td>\n",
       "      <td>5</td>\n",
       "    </tr>\n",
       "    <tr>\n",
       "      <th>4</th>\n",
       "      <td>7</td>\n",
       "      <td>2</td>\n",
       "      <td>0</td>\n",
       "      <td>0</td>\n",
       "      <td>6</td>\n",
       "      <td>8</td>\n",
       "      <td>5</td>\n",
       "    </tr>\n",
       "    <tr>\n",
       "      <th>...</th>\n",
       "      <td>...</td>\n",
       "      <td>...</td>\n",
       "      <td>...</td>\n",
       "      <td>...</td>\n",
       "      <td>...</td>\n",
       "      <td>...</td>\n",
       "      <td>...</td>\n",
       "    </tr>\n",
       "    <tr>\n",
       "      <th>184162</th>\n",
       "      <td>22</td>\n",
       "      <td>1</td>\n",
       "      <td>0</td>\n",
       "      <td>0</td>\n",
       "      <td>1</td>\n",
       "      <td>0</td>\n",
       "      <td>5</td>\n",
       "    </tr>\n",
       "    <tr>\n",
       "      <th>184163</th>\n",
       "      <td>2</td>\n",
       "      <td>1</td>\n",
       "      <td>0</td>\n",
       "      <td>0</td>\n",
       "      <td>1</td>\n",
       "      <td>0</td>\n",
       "      <td>2</td>\n",
       "    </tr>\n",
       "    <tr>\n",
       "      <th>184164</th>\n",
       "      <td>10</td>\n",
       "      <td>2</td>\n",
       "      <td>0</td>\n",
       "      <td>0</td>\n",
       "      <td>1</td>\n",
       "      <td>0</td>\n",
       "      <td>5</td>\n",
       "    </tr>\n",
       "    <tr>\n",
       "      <th>184165</th>\n",
       "      <td>2</td>\n",
       "      <td>1</td>\n",
       "      <td>0</td>\n",
       "      <td>0</td>\n",
       "      <td>1</td>\n",
       "      <td>0</td>\n",
       "      <td>7</td>\n",
       "    </tr>\n",
       "    <tr>\n",
       "      <th>184166</th>\n",
       "      <td>16</td>\n",
       "      <td>1</td>\n",
       "      <td>0</td>\n",
       "      <td>0</td>\n",
       "      <td>1</td>\n",
       "      <td>0</td>\n",
       "      <td>5</td>\n",
       "    </tr>\n",
       "  </tbody>\n",
       "</table>\n",
       "<p>179765 rows × 7 columns</p>\n",
       "</div>"
      ],
      "text/plain": [
       "        zipcode  SEVERITYCODE  PEDCOUNT  PEDCYLCOUNT  WEATHER  ROADCOND  \\\n",
       "0            17             2         0            0        4         8   \n",
       "1             1             1         0            0        6         8   \n",
       "2             0             1         0            0        4         0   \n",
       "3             3             1         0            0        1         0   \n",
       "4             7             2         0            0        6         8   \n",
       "...         ...           ...       ...          ...      ...       ...   \n",
       "184162       22             1         0            0        1         0   \n",
       "184163        2             1         0            0        1         0   \n",
       "184164       10             2         0            0        1         0   \n",
       "184165        2             1         0            0        1         0   \n",
       "184166       16             1         0            0        1         0   \n",
       "\n",
       "        LIGHTCOND  \n",
       "0               5  \n",
       "1               2  \n",
       "2               5  \n",
       "3               5  \n",
       "4               5  \n",
       "...           ...  \n",
       "184162          5  \n",
       "184163          2  \n",
       "184164          5  \n",
       "184165          7  \n",
       "184166          5  \n",
       "\n",
       "[179765 rows x 7 columns]"
      ]
     },
     "execution_count": 12,
     "metadata": {},
     "output_type": "execute_result"
    }
   ],
   "source": [
    "from sklearn import preprocessing\n",
    "le = preprocessing.LabelEncoder()\n",
    "import pandas as pd\n",
    "import numpy as np\n",
    "from sklearn.preprocessing import LabelEncoder\n",
    "\n",
    "# creating instance of labelencoder\n",
    "labelencoder = LabelEncoder()\n",
    "# Assigning numerical values and storing in another column\n",
    "df_merged20000['WEATHER'] = labelencoder.fit_transform(df_merged20000['WEATHER'])\n",
    "df_merged20000['ROADCOND'] = labelencoder.fit_transform(df_merged20000['ROADCOND'])\n",
    "df_merged20000['LIGHTCOND'] = labelencoder.fit_transform(df_merged20000['LIGHTCOND'])\n",
    "df_merged20000['zipcode'] = labelencoder.fit_transform(df_merged20000['zipcode'])\n",
    "\n",
    "df_merged20000"
   ]
  },
  {
   "cell_type": "code",
   "execution_count": 84,
   "metadata": {},
   "outputs": [
    {
     "data": {
      "text/html": [
       "<div>\n",
       "<style scoped>\n",
       "    .dataframe tbody tr th:only-of-type {\n",
       "        vertical-align: middle;\n",
       "    }\n",
       "\n",
       "    .dataframe tbody tr th {\n",
       "        vertical-align: top;\n",
       "    }\n",
       "\n",
       "    .dataframe thead th {\n",
       "        text-align: right;\n",
       "    }\n",
       "</style>\n",
       "<table border=\"1\" class=\"dataframe\">\n",
       "  <thead>\n",
       "    <tr style=\"text-align: right;\">\n",
       "      <th></th>\n",
       "      <th>zipcode</th>\n",
       "      <th>SEVERITYCODE</th>\n",
       "      <th>PEDCOUNT</th>\n",
       "      <th>PEDCYLCOUNT</th>\n",
       "      <th>WEATHER</th>\n",
       "      <th>ROADCOND</th>\n",
       "      <th>LIGHTCOND</th>\n",
       "    </tr>\n",
       "  </thead>\n",
       "  <tbody>\n",
       "    <tr>\n",
       "      <th>zipcode</th>\n",
       "      <td>1.000000</td>\n",
       "      <td>-0.002903</td>\n",
       "      <td>0.001180</td>\n",
       "      <td>-0.000707</td>\n",
       "      <td>-0.001884</td>\n",
       "      <td>-0.003730</td>\n",
       "      <td>0.003541</td>\n",
       "    </tr>\n",
       "    <tr>\n",
       "      <th>SEVERITYCODE</th>\n",
       "      <td>-0.002903</td>\n",
       "      <td>1.000000</td>\n",
       "      <td>0.248137</td>\n",
       "      <td>0.214851</td>\n",
       "      <td>-0.112107</td>\n",
       "      <td>-0.049690</td>\n",
       "      <td>-0.062948</td>\n",
       "    </tr>\n",
       "    <tr>\n",
       "      <th>PEDCOUNT</th>\n",
       "      <td>0.001180</td>\n",
       "      <td>0.248137</td>\n",
       "      <td>1.000000</td>\n",
       "      <td>-0.017555</td>\n",
       "      <td>-0.013394</td>\n",
       "      <td>0.005699</td>\n",
       "      <td>-0.041261</td>\n",
       "    </tr>\n",
       "    <tr>\n",
       "      <th>PEDCYLCOUNT</th>\n",
       "      <td>-0.000707</td>\n",
       "      <td>0.214851</td>\n",
       "      <td>-0.017555</td>\n",
       "      <td>1.000000</td>\n",
       "      <td>-0.055107</td>\n",
       "      <td>-0.050492</td>\n",
       "      <td>0.010571</td>\n",
       "    </tr>\n",
       "    <tr>\n",
       "      <th>WEATHER</th>\n",
       "      <td>-0.001884</td>\n",
       "      <td>-0.112107</td>\n",
       "      <td>-0.013394</td>\n",
       "      <td>-0.055107</td>\n",
       "      <td>1.000000</td>\n",
       "      <td>0.749072</td>\n",
       "      <td>0.224095</td>\n",
       "    </tr>\n",
       "    <tr>\n",
       "      <th>ROADCOND</th>\n",
       "      <td>-0.003730</td>\n",
       "      <td>-0.049690</td>\n",
       "      <td>0.005699</td>\n",
       "      <td>-0.050492</td>\n",
       "      <td>0.749072</td>\n",
       "      <td>1.000000</td>\n",
       "      <td>0.033898</td>\n",
       "    </tr>\n",
       "    <tr>\n",
       "      <th>LIGHTCOND</th>\n",
       "      <td>0.003541</td>\n",
       "      <td>-0.062948</td>\n",
       "      <td>-0.041261</td>\n",
       "      <td>0.010571</td>\n",
       "      <td>0.224095</td>\n",
       "      <td>0.033898</td>\n",
       "      <td>1.000000</td>\n",
       "    </tr>\n",
       "  </tbody>\n",
       "</table>\n",
       "</div>"
      ],
      "text/plain": [
       "               zipcode  SEVERITYCODE  PEDCOUNT  PEDCYLCOUNT   WEATHER  \\\n",
       "zipcode       1.000000     -0.002903  0.001180    -0.000707 -0.001884   \n",
       "SEVERITYCODE -0.002903      1.000000  0.248137     0.214851 -0.112107   \n",
       "PEDCOUNT      0.001180      0.248137  1.000000    -0.017555 -0.013394   \n",
       "PEDCYLCOUNT  -0.000707      0.214851 -0.017555     1.000000 -0.055107   \n",
       "WEATHER      -0.001884     -0.112107 -0.013394    -0.055107  1.000000   \n",
       "ROADCOND     -0.003730     -0.049690  0.005699    -0.050492  0.749072   \n",
       "LIGHTCOND     0.003541     -0.062948 -0.041261     0.010571  0.224095   \n",
       "\n",
       "              ROADCOND  LIGHTCOND  \n",
       "zipcode      -0.003730   0.003541  \n",
       "SEVERITYCODE -0.049690  -0.062948  \n",
       "PEDCOUNT      0.005699  -0.041261  \n",
       "PEDCYLCOUNT  -0.050492   0.010571  \n",
       "WEATHER       0.749072   0.224095  \n",
       "ROADCOND      1.000000   0.033898  \n",
       "LIGHTCOND     0.033898   1.000000  "
      ]
     },
     "execution_count": 84,
     "metadata": {},
     "output_type": "execute_result"
    }
   ],
   "source": [
    "df_merged20000.corr()"
   ]
  },
  {
   "cell_type": "code",
   "execution_count": 100,
   "metadata": {},
   "outputs": [],
   "source": [
    "df_test = pd.get_dummies(df_merged20000)"
   ]
  },
  {
   "cell_type": "code",
   "execution_count": 101,
   "metadata": {},
   "outputs": [],
   "source": [
    "df_test = pd.get_dummies(df_test, columns=['WEATHER'])\n",
    "df_test = pd.get_dummies(df_test, columns=['ROADCOND'])\n",
    "df_test = pd.get_dummies(df_test, columns=['LIGHTCOND'])"
   ]
  },
  {
   "cell_type": "code",
   "execution_count": 110,
   "metadata": {},
   "outputs": [],
   "source": [
    "df_test.drop(df_test[['zipcode','PEDCOUNT','PEDCYLCOUNT']], axis = 1, inplace=True)"
   ]
  },
  {
   "cell_type": "code",
   "execution_count": 111,
   "metadata": {
    "collapsed": true
   },
   "outputs": [
    {
     "data": {
      "text/html": [
       "<div>\n",
       "<style scoped>\n",
       "    .dataframe tbody tr th:only-of-type {\n",
       "        vertical-align: middle;\n",
       "    }\n",
       "\n",
       "    .dataframe tbody tr th {\n",
       "        vertical-align: top;\n",
       "    }\n",
       "\n",
       "    .dataframe thead th {\n",
       "        text-align: right;\n",
       "    }\n",
       "</style>\n",
       "<table border=\"1\" class=\"dataframe\">\n",
       "  <thead>\n",
       "    <tr style=\"text-align: right;\">\n",
       "      <th></th>\n",
       "      <th>SEVERITYCODE</th>\n",
       "      <th>WEATHER_0</th>\n",
       "      <th>WEATHER_1</th>\n",
       "      <th>WEATHER_2</th>\n",
       "      <th>WEATHER_3</th>\n",
       "      <th>WEATHER_4</th>\n",
       "      <th>WEATHER_5</th>\n",
       "      <th>WEATHER_6</th>\n",
       "      <th>WEATHER_7</th>\n",
       "      <th>WEATHER_8</th>\n",
       "      <th>...</th>\n",
       "      <th>ROADCOND_8</th>\n",
       "      <th>LIGHTCOND_0</th>\n",
       "      <th>LIGHTCOND_1</th>\n",
       "      <th>LIGHTCOND_2</th>\n",
       "      <th>LIGHTCOND_3</th>\n",
       "      <th>LIGHTCOND_4</th>\n",
       "      <th>LIGHTCOND_5</th>\n",
       "      <th>LIGHTCOND_6</th>\n",
       "      <th>LIGHTCOND_7</th>\n",
       "      <th>LIGHTCOND_8</th>\n",
       "    </tr>\n",
       "  </thead>\n",
       "  <tbody>\n",
       "    <tr>\n",
       "      <th>SEVERITYCODE</th>\n",
       "      <td>1.000000</td>\n",
       "      <td>-0.000360</td>\n",
       "      <td>0.055209</td>\n",
       "      <td>0.003736</td>\n",
       "      <td>-0.023531</td>\n",
       "      <td>0.014261</td>\n",
       "      <td>0.001462</td>\n",
       "      <td>0.037803</td>\n",
       "      <td>-0.000321</td>\n",
       "      <td>-0.002418</td>\n",
       "      <td>...</td>\n",
       "      <td>0.040502</td>\n",
       "      <td>-0.017102</td>\n",
       "      <td>-0.006190</td>\n",
       "      <td>-0.002850</td>\n",
       "      <td>0.001160</td>\n",
       "      <td>0.007699</td>\n",
       "      <td>0.085237</td>\n",
       "      <td>0.010226</td>\n",
       "      <td>-0.006718</td>\n",
       "      <td>-0.156249</td>\n",
       "    </tr>\n",
       "    <tr>\n",
       "      <th>WEATHER_0</th>\n",
       "      <td>-0.000360</td>\n",
       "      <td>1.000000</td>\n",
       "      <td>-0.018636</td>\n",
       "      <td>-0.000844</td>\n",
       "      <td>-0.001047</td>\n",
       "      <td>-0.006563</td>\n",
       "      <td>-0.000053</td>\n",
       "      <td>-0.007334</td>\n",
       "      <td>-0.000171</td>\n",
       "      <td>-0.000392</td>\n",
       "      <td>...</td>\n",
       "      <td>-0.003531</td>\n",
       "      <td>0.002519</td>\n",
       "      <td>-0.001269</td>\n",
       "      <td>0.000356</td>\n",
       "      <td>-0.000083</td>\n",
       "      <td>0.004340</td>\n",
       "      <td>-0.002485</td>\n",
       "      <td>0.001221</td>\n",
       "      <td>-0.000551</td>\n",
       "      <td>0.000943</td>\n",
       "    </tr>\n",
       "    <tr>\n",
       "      <th>WEATHER_1</th>\n",
       "      <td>0.055209</td>\n",
       "      <td>-0.018636</td>\n",
       "      <td>1.000000</td>\n",
       "      <td>-0.062820</td>\n",
       "      <td>-0.077948</td>\n",
       "      <td>-0.488497</td>\n",
       "      <td>-0.003928</td>\n",
       "      <td>-0.545883</td>\n",
       "      <td>-0.012730</td>\n",
       "      <td>-0.029142</td>\n",
       "      <td>...</td>\n",
       "      <td>-0.596623</td>\n",
       "      <td>-0.012502</td>\n",
       "      <td>-0.015580</td>\n",
       "      <td>-0.069505</td>\n",
       "      <td>-0.004073</td>\n",
       "      <td>-0.040939</td>\n",
       "      <td>0.224219</td>\n",
       "      <td>-0.013723</td>\n",
       "      <td>-0.018685</td>\n",
       "      <td>-0.264367</td>\n",
       "    </tr>\n",
       "    <tr>\n",
       "      <th>WEATHER_2</th>\n",
       "      <td>0.003736</td>\n",
       "      <td>-0.000844</td>\n",
       "      <td>-0.062820</td>\n",
       "      <td>1.000000</td>\n",
       "      <td>-0.003530</td>\n",
       "      <td>-0.022124</td>\n",
       "      <td>-0.000178</td>\n",
       "      <td>-0.024723</td>\n",
       "      <td>-0.000577</td>\n",
       "      <td>-0.001320</td>\n",
       "      <td>...</td>\n",
       "      <td>0.006075</td>\n",
       "      <td>0.006928</td>\n",
       "      <td>0.015418</td>\n",
       "      <td>0.032321</td>\n",
       "      <td>-0.000281</td>\n",
       "      <td>0.025026</td>\n",
       "      <td>-0.029390</td>\n",
       "      <td>-0.006535</td>\n",
       "      <td>0.001147</td>\n",
       "      <td>-0.013001</td>\n",
       "    </tr>\n",
       "    <tr>\n",
       "      <th>WEATHER_3</th>\n",
       "      <td>-0.023531</td>\n",
       "      <td>-0.001047</td>\n",
       "      <td>-0.077948</td>\n",
       "      <td>-0.003530</td>\n",
       "      <td>1.000000</td>\n",
       "      <td>-0.027452</td>\n",
       "      <td>-0.000221</td>\n",
       "      <td>-0.030676</td>\n",
       "      <td>-0.000715</td>\n",
       "      <td>-0.001638</td>\n",
       "      <td>...</td>\n",
       "      <td>-0.026223</td>\n",
       "      <td>0.001619</td>\n",
       "      <td>-0.000007</td>\n",
       "      <td>-0.012049</td>\n",
       "      <td>-0.000349</td>\n",
       "      <td>-0.001723</td>\n",
       "      <td>-0.032743</td>\n",
       "      <td>-0.001630</td>\n",
       "      <td>0.043781</td>\n",
       "      <td>0.076900</td>\n",
       "    </tr>\n",
       "    <tr>\n",
       "      <th>WEATHER_4</th>\n",
       "      <td>0.014261</td>\n",
       "      <td>-0.006563</td>\n",
